000190
000379
000928
000929
000989
001042
001043
001175
001176
001191
001192
001281
001287
001301
001302
001360
001361
001369
001431
001491
001492
001558
001559
001713
001714
001824
001825
001861
001862
001874
001875
001876
001949
001950
001975
001976
001977
002068
002072
002073
002228
002229
002491
002552
002553
002584
002585
002592
002593
002604
002605
002657
002658
002705
002706
002723
002724
002725
002726
002727
002738
002744
002763
002764
002778
002779
002780
002781
002851
002852
002857
002858
002866
002917
002918
002932
002933
002934
002935
002966
002967
003008
003009
003049
003050
003167
003169
003170
003172
003275
003278
003279
003342
003343
003348
