000014
000089
000095
000143
000190
000379
000467
000714
000722
000723
000752
000779
000842
000844
000856
000879
000880
000901
000902
000928
000929
000965
000966
000977
000978
001010
001011
001035
001036
001046
001123
001124
001127
001128
001175
001176
001191
001192
001193
001194
001195
001196
001278
001282
001323
001324
001338
001339
001372
001373
001486
001487
001491
001492
001551
001558
001559
001824
001825
001861
001862
001863
001864
001874
001875
001876
001877
001878
001936
001937
002068
002072
002073
002122
002435
002436
002592
002593
002604
002605
002635
002636
002681
002682
002688
002705
002706
002707
002708
002737
002767
002768
002778
002779
002837
002838
002853
002854
002917
002918
002932
002933
002934
002935
002941
002942
002952
002966
002967
003008
003009
003010
003011
003029
003030
003032
003198
003199
003239
003240
003320
003345
003349
003350
003351
003352
