000043
000106
000515
000571
000572
000573
000575
000698
000757
000760
000761
000763
000770
000772
000773
000777
000782
000786
000788
000789
000790
000798
000799
000805
000824
000828
000905
000906
000907
000908
000923
000924
000925
000993
000994
000995
000996
000997
001030
001031
001070
001071
001129
001130
001131
001172
001173
001205
001206
001236
001237
001238
001265
001266
001294
001295
001296
001297
001332
001333
001356
001357
001358
001359
001362
001363
001374
001375
001422
001423
001481
001482
001552
001553
001787
001788
001830
001831
001842
001843
001867
001868
001938
001945
001946
001953
001954
001955
001956
001957
001969
001974
002051
002052
002054
002055
002060
002061
002062
002063
002158
002159
002173
002216
002217
002218
002265
002266
002267
002268
002277
002278
002281
002282
002309
002310
002322
002323
002345
002346
002410
002454
002455
002458
002464
002479
002480
002546
002547
002586
002587
002598
002599
002613
002614
002629
002630
002643
002644
002690
002752
002753
002772
002773
002843
002844
002904
002927
002928
002938
003004
003005
003161
003166
003173
003202
003203
003229
003234
003235
003243
003244
003251
003252
003276
003277
003299
