000007
000018
000021
000022
000023
000024
000028
000030
000033
000034
000044
000048
000054
000061
000080
000083
000086
000088
000108
000110
000112
000128
000130
000217
000226
000245
000246
000250
000251
000254
000255
000256
000260
000261
000264
000267
000268
000274
000276
000278
000279
000281
000283
000287
000293
000303
000305
000307
000325
000327
000330
000336
000340
000360
000375
000392
000400
000401
000402
000421
000428
000437
000440
000451
000470
000490
000497
000501
000503
000504
000505
000507
000508
000509
000511
000517
000518
000519
000522
000563
000567
000583
000591
000593
000598
000603
000629
000631
000644
000663
000666
000670
000672
000674
000689
000691
000692
000693
000694
000701
000702
000709
000724
000725
000741
000745
000774
000775
000783
000791
000810
000811
000830
000840
000853
000934
000935
000953
000954
000955
000956
000957
000958
001080
001094
001095
001107
001108
001109
001110
001156
001157
001160
001161
001170
001171
001185
001186
001227
001228
001231
001232
001235
001246
001247
001250
001251
001408
001409
001413
001414
001476
001477
001536
001537
001538
001539
001540
001541
001546
001547
001563
001564
001565
001569
001570
001590
001591
001592
001593
001596
001597
001598
001601
001602
001637
001638
001670
001671
001700
001701
001709
001710
001711
001712
001717
001718
001719
001720
001746
001747
001752
001753
001769
001770
001771
001778
001779
001791
001792
001797
001805
001806
001807
001808
001809
001816
001817
001991
001992
001999
002000
002081
002143
002152
002153
002164
002165
002171
002172
002176
002177
002201
002202
002205
002206
002210
002211
002214
002215
002284
002285
002286
002287
002339
002340
002349
002350
002353
002354
002385
002386
002428
002452
002453
002471
002472
002473
002474
002548
002549
002655
002656
002709
002710
002711
002712
002931
002936
002937
003019
003026
003067
003068
003069
003070
003077
003078
003083
003084
003144
003145
003163
003165
003191
003192
003193
003194
003231
003285
003286
