000007
000018
000021
000022
000023
000024
000028
000030
000033
000034
000044
000048
000054
000061
000080
000083
000086
000088
000108
000110
000112
000128
000130
000157
000182
000217
000226
000245
000246
000250
000251
000254
000255
000256
000260
000261
000264
000267
000268
000274
000276
000278
000279
000281
000283
000287
000293
000303
000305
000307
000325
000327
000330
000336
000340
000360
000375
000392
000400
000401
000402
000421
000428
000437
000440
000451
000468
000470
000475
000478
000490
000497
000501
000503
000504
000505
000507
000508
000509
000511
000517
000518
000519
000522
000563
000567
000583
000591
000593
000598
000603
000626
000628
000629
000631
000644
000663
000666
000670
000672
000674
000675
000689
000691
000692
000693
000694
000701
000702
000709
000724
000725
000741
000745
000766
000771
000774
000775
000783
000791
000804
000810
000811
000830
000840
000850
000852
000853
000864
000877
000878
000934
000935
000944
000945
000953
000954
000955
000956
000957
000958
000973
000974
000989
000990
001042
001043
001080
001089
001094
001095
001107
001108
001109
001110
001156
001157
001160
001161
001170
001171
001185
001186
001209
001210
001227
001228
001231
001232
001235
001246
001247
001250
001251
001281
001287
001289
001290
001301
001302
001307
001308
001317
001318
001351
001360
001361
001369
001406
001407
001408
001409
001413
001414
001431
001476
001477
001536
001537
001538
001539
001540
001541
001546
001547
001563
001564
001565
001569
001570
001590
001591
001592
001593
001596
001597
001598
001601
001602
001637
001638
001670
001671
001700
001701
001709
001710
001711
001712
001713
001714
001717
001718
001719
001720
001746
001747
001752
001753
001769
001770
001771
001776
001777
001778
001779
001791
001792
001797
001801
001802
001805
001806
001807
001808
001809
001810
001811
001816
001817
001903
001906
001939
001940
001949
001950
001961
001962
001975
001976
001977
001991
001992
001999
002000
002009
002010
002019
002020
002034
002035
002036
002037
002081
002083
002084
002107
002108
002132
002133
002143
002152
002153
002164
002165
002171
002172
002176
002177
002201
002202
002205
002206
002210
002211
002214
002215
002228
002229
002269
002270
002284
002285
002286
002287
002306
002333
002334
002339
002340
002349
002350
002353
002354
002366
002367
002385
002386
002428
002443
002444
002452
002453
002471
002472
002473
002474
002491
002492
002493
002494
002520
002521
002548
002549
002552
002553
002584
002585
002594
002595
002610
002649
002650
002655
002656
002657
002658
002683
002684
002709
002710
002711
002712
002723
002724
002725
002726
002727
002738
002744
002763
002764
002769
002780
002781
002790
002791
002828
002829
002836
002851
002852
002857
002858
002864
002865
002866
002867
002911
002912
002919
002920
002921
002922
002931
002936
002937
002948
002949
003019
003026
003047
003048
003049
003050
003067
003068
003069
003070
003077
003078
003083
003084
003144
003145
003163
003165
003167
003169
003170
003172
003191
003192
003193
003194
003213
003214
003231
003259
003266
003275
003278
003279
003285
003286
003311
003312
003342
003343
003347
