000182
000850
000864
000877
000878
000989
000990
001042
001043
001089
001281
001287
001301
001302
001307
001308
001360
001361
001369
001431
001713
001714
001801
001802
001949
001950
001975
001976
001977
002009
002010
002020
002083
002084
002107
002108
002228
002229
002491
002492
002552
002553
002584
002585
002594
002595
002610
002657
002658
002725
002726
002727
002738
002744
002763
002764
002780
002781
002851
002852
002857
002858
002866
002867
002919
002920
002921
002922
003047
003048
003049
003050
003167
003169
003170
003172
003275
003278
003279
003311
003312
003342
003343
