000157
000468
000475
000478
000626
000628
000675
000766
000771
000804
000852
000944
000945
000973
000974
001209
001210
001289
001290
001317
001318
001351
001406
001407
001776
001777
001810
001811
001903
001906
001939
001940
001961
001962
002019
002034
002035
002036
002037
002132
002133
002269
002270
002306
002333
002334
002366
002367
002443
002444
002493
002494
002520
002521
002649
002650
002683
002684
002723
002724
002769
002790
002791
002828
002829
002836
002864
002865
002911
002912
002948
002949
003259
003266
003347
